31
2
0000000000100000000000010000000000010001
0000000000000000001000000000000000000000
0100000000000000000000000000000000000000
0000001000100000000100000000000000000000
0001000001000000010000000100000000000000
0000000000100000000000100000000000000000
0000100000000000010000000000000000000000
0000100000010010000000000000000000000000
1000000000000000000010000010000001000000
0000000000001010000000000000010000000000
0000000100000010000000000001000000000000
0100000100000000100100000000000000010100
0100000000100000000000000010000001010000
1000000000000000000010000000000000000000
0000000100000000000000000001001000000000
0000000000000000010010000000000000000010
0000100000000000000000000000000000000000
0010000000000000000000100000000000000000
0000000000000000000100000000010000110000
0000000000000000000000001000000100000000
0000000000000000100000000000001100100100
0000000000000100000000100000000000000001
0000000000000000000000000000000001000000
0001000000000001100000000000100000000000
0000000000000000000010000000000000100000
0000000000000000100000000010000000000000
0000000000010000000000000000100000000000
0100000001100010000000000010010001000000
0000010000000001000000000000000000000100
0000000000000000000000000000000000100000
