31
1
0000000000000000000000000000000000000000
0000000000000000000000000000000000000000
0000000000000000000000000000000000000000
0000000000000000000000000000000000000000
0000000000000000000000000000000000000000
0000000000000000000000000000000000000000
0000000000000000000000000000000000000000
0010000010000000000000000000000000000000
0001000100000000000000000000000000000000
0000101000000000000000000000000000000000
0000010000010000010001011100111101000100
0000010000101000011001010010100000101000
0000010001000100010101010010111000010000
0000010011111110010011010010100000101000
0000010100000001010001011100111101000100
0000000000000000000000000000000000000000
0000000000000000000000000000000000000000
0000000000000000000000000000000000000000
0000111111111111111111111111111111000000
0000100000000000000000000000000000100000
0000100000000000000000000000000000010000
0000100000000000000000000000000000001000
0000100000000000000000000000000000010000
0000100000000000000000000000000000100000
0000111111111111111111111111111111000000
0000000000000000000000000000000000000000
0000000000000000000000000000000000000000
0000000000000000000000000000000000000000
0000000000000000000000000000000000000000
0000000000000000000000000000000000000000
